2.552136878811435070e-02
2.541336195540993062e-02
2.530512429170950900e-02
2.519661236875306992e-02
2.508778586831479987e-02
2.497860730836414661e-02
2.486904180019173377e-02
2.475905683255474193e-02
2.464862207946055817e-02
2.453770922868056190e-02
2.442629182848874217e-02
2.431434515045882705e-02
2.420184606644346439e-02
2.408877293810565354e-02
2.397510551758350039e-02
2.386082485804996711e-02
2.374591323308514884e-02
2.363035406391179177e-02
2.351413185366114933e-02
2.339723212793547516e-02
2.327964138102097888e-02
2.316134702718020480e-02
2.304233735651821727e-02
2.292260149497520050e-02
2.280212936804726018e-02
2.268091166788203591e-02
2.255893982343387325e-02
2.243620597339746059e-02
2.231270294166886117e-02
2.218842421510882137e-02
2.206334416180095667e-02
2.193742505213493524e-02
2.181069774111368126e-02
2.168311788152225625e-02
2.155472058964706672e-02
2.142546402164035441e-02
2.129537848663246719e-02
2.116443355627771472e-02
2.103264587095650048e-02
2.090000515173826359e-02
2.076650568473452710e-02
2.063216592327126245e-02
2.049694926258157496e-02
2.036089970465155413e-02
2.022397626021022951e-02
2.008620776903361632e-02
1.994759461684923046e-02
1.980811226157951077e-02
1.966779855016940678e-02
1.952663354835565412e-02
1.938462008825158484e-02
1.924180030056979462e-02
1.909810260335736629e-02
1.895358880158804632e-02
1.880826286102075737e-02
1.866211926685093850e-02
1.851515047285917648e-02
1.836738663420070528e-02
1.821884430527042145e-02
1.806948053536002602e-02
1.791934381725288766e-02
1.776844217780114421e-02
1.761679831789602496e-02
1.746436859420847851e-02
1.731120281766726846e-02
1.715731134254087215e-02
1.700273992294644432e-02
1.684741006567938570e-02
1.669139023778402203e-02
1.653469313904895252e-02
1.637733206910415781e-02
1.621932092774803352e-02
1.606084661989904544e-02
1.590156981986349735e-02
1.574185209252388154e-02
1.558137358002660219e-02
1.542032416602906117e-02
1.525886763256808186e-02
1.509672104391772060e-02
1.493419685324120366e-02
1.477102888850004118e-02
1.460738411783279490e-02
1.444340694442736335e-02
1.427900554649264887e-02
1.411414558915324684e-02
1.394888814443436161e-02
1.378325648313141923e-02
1.361727449316298653e-02
1.345099532461723445e-02
1.328436344039047798e-02
1.311745599208478767e-02
1.295029934503341001e-02
1.278292049012953735e-02
1.261538382278734258e-02
1.244761868822191059e-02
1.227971541273417851e-02
1.211170348854447368e-02
1.194361303726238638e-02
1.177551628465355743e-02
1.160733417814715715e-02
1.143916696547565316e-02
1.127104727393256518e-02
1.110300835883559073e-02
1.093512650893272570e-02
1.076732161741946261e-02
1.059970025195695713e-02
1.043229815625262326e-02
1.026515169501741528e-02
1.009833711866466727e-02
9.931781192170056546e-03
9.765592869210616700e-03
9.599810962350900645e-03
9.434474892151573089e-03
9.269656469313911767e-03
9.105297768852558052e-03
8.941505895470359955e-03
8.778322652744308119e-03
8.615790433060420764e-03
8.453971954930351168e-03
8.292833455464781664e-03
8.132475700851080416e-03
7.972943376855098907e-03
7.814324587928397903e-03
7.656539554509402337e-03
7.499716381862265788e-03
7.343901959569589487e-03
7.189143715829809760e-03
7.035514035353379603e-03
6.882969548355944052e-03
6.731625647070861064e-03
6.581531829892676121e-03
6.432784659765609751e-03
6.285296303149489131e-03
6.139208426346874636e-03
5.994572474395189025e-03
5.851440361648453659e-03
5.709886786952932461e-03
5.569871359902948266e-03
5.431517105564402127e-03
5.294877711250979904e-03
5.160052057557918542e-03
5.026954246017251854e-03
4.895733681842130702e-03
4.766445672361613664e-03
4.639145908469184329e-03
4.513906452202755964e-03
4.390697302040863503e-03
4.269644436935997323e-03
4.150804961675668911e-03
4.034277005161997741e-03
3.919980123305005955e-03
3.808068615339731816e-03
3.698600825138292567e-03
3.591704035826928480e-03
3.487240661202504165e-03
3.385396398876441577e-03
3.286230650410578921e-03
3.189803057223427555e-03
3.096212588435766789e-03
3.005378252349631598e-03
2.917460957762443331e-03
2.832521171629250913e-03
2.750693161653721460e-03
2.671825269332283107e-03
2.596115929270057573e-03
2.523626246674841311e-03
2.454417462952286286e-03
2.385385629142545635e-03
2.316773462258999577e-03
2.248698815756769356e-03
2.181185172754065375e-03
2.114202975594302314e-03
2.047822590551752388e-03
1.982079633573130030e-03
1.917000755518327888e-03
1.852613416933546848e-03
1.788841307041037125e-03
1.725862316279746633e-03
1.663663330286440896e-03
1.602275135911131968e-03
1.541619430487478713e-03
1.481888864592501324e-03
1.423067868968980621e-03
1.365118930859966816e-03
1.308173670600457474e-03
1.252216817368844706e-03
1.197310807207941589e-03
1.143384669647340294e-03
1.090621802814914325e-03
1.039018780496788570e-03
9.885237945405482042e-04
9.392866455561709165e-04
8.913388694226924598e-04
8.446233664161743870e-04
7.992761167264316033e-04
7.553555012905779301e-04
7.127886563172252917e-04
6.717144789840916608e-04
6.322121320524185309e-04
5.941833971945185673e-04
5.577838281570566669e-04
5.230262205141519719e-04
4.899711681121760509e-04
4.587222485650535803e-04
4.291908996511731951e-04
4.015217416548939725e-04
3.757323751964094637e-04
3.518987787445075296e-04
3.300486666648452848e-04
3.102547440656965223e-04
2.926079499617525569e-04
2.770310081687538247e-04
2.637577714106031359e-04
2.526633769320537422e-04
2.426788947717767959e-04
2.331340439749400302e-04
2.243188024643553167e-04
2.150944380940208696e-04
2.069655094802874207e-04
1.982296249773663160e-04
1.903105302658077570e-04
1.826545727456257507e-04
1.751213663303588758e-04
1.683406105000996426e-04
1.605423159430969973e-04
1.539457746411195644e-04
1.471047385671315317e-04
1.408631909748163066e-04
1.348130358118359033e-04
1.283916637167712652e-04
1.230686370757550733e-04
1.169679435927995111e-04
1.119550051214015070e-04
1.065836018133234787e-04
1.014011854882973431e-04
9.688610187522913924e-05
9.210345343381743928e-05
8.802612584083192317e-05
8.319498175574941291e-05
7.922061644639888118e-05
7.518320501922818569e-05
7.155783174535028011e-05
6.871641214490584746e-05
6.426710210073845392e-05
6.150699642211267053e-05
5.780938757725250659e-05
5.532630747882741166e-05
5.220615973882640205e-05
4.949374289470600630e-05
4.712209254207679889e-05
4.470038107102132518e-05
4.311429123171608497e-05
4.016050862286089170e-05
3.861920854665922773e-05
3.638639372762142920e-05
3.504815729204844584e-05
3.330006101228574181e-05
3.175317187383263620e-05
3.066651468773385307e-05
2.935157239585309456e-05
2.891382307546693623e-05
2.714226389651310678e-05
2.711712056646150952e-05
2.582064939216495054e-05
2.534529401964906000e-05
2.464525570177888183e-05
2.455696619973468461e-05
2.431756346489670416e-05
2.414992576516772352e-05
2.412570432125660439e-05
2.399929750082482264e-05
2.386389842289451583e-05
2.374809342085367110e-05
2.340233128282523894e-05
2.321437083840256291e-05
2.305890211458699917e-05
2.293438928821823239e-05
2.290937276445306043e-05
2.285097748581428221e-05
2.275661803313243321e-05
2.275546809654612826e-05
2.271970678529702383e-05
2.265337119074195991e-05
2.261255671044179715e-05
2.259842040387437424e-05
2.249672806533667670e-05
2.239908081392000245e-05
2.237335508164412531e-05
2.237177356201392381e-05
2.236594877562392281e-05
2.236058833730522768e-05
2.235569231218653715e-05
2.235126076539864723e-05
2.234729376207531174e-05
2.234379136734983051e-05
2.234075364635761078e-05
2.227258025681991133e-05
2.222114759644479057e-05
2.199182018571072325e-05
2.193625230673826792e-05
2.189092955800315412e-05
2.177813907012034260e-05
2.169269700839112678e-05
2.159074127760358163e-05
2.152942118011249130e-05
2.143571870563479106e-05
2.137211831554638406e-05
